      0  0.0000E+00  0.0000E+00  0.0000E+00  0.9503E+00
   1000  0.5730E-01  0.2610E+04  0.5637E-05  0.9107E+00
   2000  0.1091E+00  0.1457E+04  0.1312E-04  0.8792E+00
   3000  0.1579E+00  0.2965E+04  0.1492E-04  0.8532E+00
   4000  0.2045E+00  0.1921E+05  0.2598E-04  0.8318E+00
   5000  0.2527E+00  0.1491E+05  0.3801E-04  0.8112E+00
   6000  0.2978E+00  0.2143E+05  0.9927E-04  0.7964E+00
   7000  0.3417E+00  0.1707E+04  0.3255E-04  0.7866E+00
   8000  0.3888E+00  0.1629E+05  0.1377E-04  0.7794E+00
   9000  0.4334E+00  0.1488E+05  0.2819E-04  0.7739E+00
  10000  0.4762E+00  0.8974E+04  0.1579E-04  0.7669E+00
  11000  0.5202E+00  0.1157E+05  0.1490E-03  0.7585E+00
  12000  0.5637E+00  0.1894E+05  0.5025E-04  0.7527E+00
  13000  0.6053E+00  0.1569E+05  0.3079E-04  0.7491E+00
  14000  0.6485E+00  0.1914E+05  0.1373E-04  0.7449E+00
  15000  0.6909E+00  0.1449E+05  0.4846E-05  0.7407E+00
  16000  0.7329E+00  0.9417E+04  0.1432E-05  0.7397E+00
  17000  0.7767E+00  0.2943E+04  0.8789E-04  0.7404E+00
  18000  0.8175E+00  0.8088E+04  0.6738E-05  0.7375E+00
  19000  0.8599E+00  0.4194E+04  0.7799E-04  0.7361E+00
  20000  0.9022E+00  0.1652E+05  0.4373E-04  0.7385E+00
