      0  0.0000E+00  0.0000E+00  0.0000E+00  0.0000E+00
   1000  0.1304E-02  0.7061E+06  0.1733E-06  0.6006E-01
   2000  0.2692E-02  0.5009E+06  0.2243E-05  0.1168E+00
   3000  0.4089E-02  0.2858E+06  0.1718E-05  0.1708E+00
   4000  0.5586E-02  0.1694E+06  0.2208E-06  0.2223E+00
   5000  0.7111E-02  0.3209E+06  0.2278E-05  0.2690E+00
   6000  0.8747E-02  0.2291E+05  0.3133E-05  0.3160E+00
   7000  0.1042E-01  0.2240E+06  0.3636E-06  0.3593E+00
   8000  0.1208E-01  0.2581E+06  0.4614E-05  0.3988E+00
   9000  0.1388E-01  0.2421E+06  0.2136E-05  0.4352E+00
  10000  0.1570E-01  0.1073E+06  0.5077E-06  0.4684E+00
  11000  0.1745E-01  0.4636E+06  0.3173E-05  0.4991E+00
  12000  0.1945E-01  0.2556E+06  0.1329E-05  0.5275E+00
  13000  0.2143E-01  0.3940E+06  0.2028E-06  0.5551E+00
  14000  0.2349E-01  0.1929E+06  0.7387E-06  0.5732E+00
  15000  0.2551E-01  0.2763E+06  0.4047E-05  0.5933E+00
  16000  0.2753E-01  0.2415E+05  0.1066E-04  0.6108E+00
  17000  0.2967E-01  0.3915E+06  0.1552E-06  0.6268E+00
  18000  0.3187E-01  0.1204E+06  0.6532E-06  0.6426E+00
  19000  0.3401E-01  0.1849E+06  0.1631E-05  0.6553E+00
  20000  0.3614E-01  0.3933E+06  0.2286E-05  0.6659E+00
  21000  0.3835E-01  0.8120E+05  0.1288E-05  0.6759E+00
  22000  0.4058E-01  0.6690E+05  0.7186E-06  0.6840E+00
  23000  0.4276E-01  0.1007E+06  0.1736E-05  0.6902E+00
  24000  0.4508E-01  0.5705E+05  0.1331E-05  0.6946E+00
  25000  0.4743E-01  0.3488E+06  0.6100E-05  0.6998E+00
  26000  0.4982E-01  0.1413E+06  0.2048E-06  0.7068E+00
  27000  0.5216E-01  0.4845E+05  0.8328E-06  0.7103E+00
  28000  0.5450E-01  0.2902E+05  0.1310E-04  0.7136E+00
  29000  0.5691E-01  0.1014E+06  0.2380E-05  0.7174E+00
  30000  0.5934E-01  0.2853E+06  0.3099E-05  0.7194E+00
  31000  0.6166E-01  0.2380E+06  0.9496E-06  0.7188E+00
  32000  0.6404E-01  0.9504E+05  0.5580E-06  0.7186E+00
  33000  0.6647E-01  0.4170E+06  0.4906E-05  0.7202E+00
  34000  0.6876E-01  0.1315E+06  0.1478E-05  0.7253E+00
  35000  0.7104E-01  0.1951E+06  0.3520E-06  0.7266E+00
  36000  0.7353E-01  0.2894E+06  0.4366E-06  0.7295E+00
  37000  0.7590E-01  0.6454E+05  0.1544E-06  0.7327E+00
  38000  0.7834E-01  0.6425E+05  0.6134E-06  0.7330E+00
  39000  0.8078E-01  0.1728E+06  0.2302E-05  0.7341E+00
  40000  0.8324E-01  0.1596E+06  0.6653E-05  0.7354E+00
  41000  0.8568E-01  0.1091E+06  0.1440E-06  0.7308E+00
  42000  0.8811E-01  0.3445E+06  0.1874E-05  0.7292E+00
  43000  0.9067E-01  0.3888E+06  0.3946E-05  0.7271E+00
  44000  0.9306E-01  0.2928E+06  0.9039E-06  0.7295E+00
  45000  0.9547E-01  0.1590E+06  0.3095E-08  0.7292E+00
  46000  0.9789E-01  0.3838E+06  0.3426E-06  0.7311E+00
  47000  0.1005E+00  0.2891E+06  0.1818E-05  0.7310E+00
  48000  0.1028E+00  0.1409E+06  0.2753E-07  0.7330E+00
  49000  0.1052E+00  0.4098E+06  0.5385E-06  0.7352E+00
  50000  0.1076E+00  0.1795E+06  0.9112E-07  0.7350E+00
